[(1,6,3,4),(1,7,8,4),(1,7,9,12,10,6),(2,8,7,9,11,5),(2,5,10,6,3),(2,8,4,3),(5,11,12,10),(9,12,11)]
[(1,11,12,8,7,9),(1,10,9),(1,11,4,3,6,10),(2,8,12,4,3),(4,12,11),(2,5,6,3),(2,8,7,5),(5,7,9,10,6)]
[(1,10,6,3,4),(1,9,7,8,4),(1,10,9),(2,8,7,11,5),(2,5,12,6,3),(2,8,4,3),(5,12,11),(6,12,11,7,9,10)]
[(1,9,4,3,6),(1,7,11,12,6),(1,9,10,8,7),(2,8,7,11,5),(2,8,10,4,3),(5,12,11),(2,5,12,6,3),(4,10,9)]
[(1,11,12,10,2,5,7),(1,8,7),(1,11,4,3,6,8),(2,10,9),(4,12,11),(2,9,3,6,5),(5,7,8,6),(3,9,10,12,4)]
[(1,8,11,6,3,4),(1,7,5,2,10,4),(1,8,7),(2,10,9),(2,9,3,6,12,5),(3,9,10,4),(6,12,11),(5,12,11,8,7)]
[(1,6,8,7,4),(1,11,12,4),(1,11,5,10,6),(2,12,11,5),(2,5,10,9,3),(2,12,4,7,3),(3,9,8,7),(6,10,9,8)]
[(1,5,2,4),(1,11,6,8,7,4),(1,11,12,5),(2,5,12,10,9,3),(3,9,8,7),(2,4,7,3),(6,11,12,10),(6,10,9,8)]
[(1,6,8,7,4),(1,5,2,12,4),(1,6,10,5),(2,12,11),(2,11,3,9,10,5),(3,11,12,4,7),(3,9,8,7),(6,10,9,8)]
[(1,9,5,2,4),(1,10,6,8,7,4),(1,10,9),(2,5,6,8,12,3),(3,12,11),(2,4,7,11,3),(5,9,10,6),(7,11,12,8)]
[(1,9,5,2,4),(1,10,6,8,12,7,4),(1,10,9),(2,5,6,8,3),(3,11,12,8),(2,4,7,11,3),(5,9,10,6),(7,12,11)]
[(1,9,5,2,4),(1,10,6,8,12,7,4),(1,10,9),(2,5,6,8,11,3),(3,11,12,7),(2,4,7,3),(5,9,10,6),(8,12,11)]
[(1,5,2,4),(1,9,6,8,12,7,4),(1,9,10,5),(2,5,10,6,8,11,3),(3,11,12,7),(2,4,7,3),(6,10,9),(8,12,11)]
[(1,11,12,8,2,5),(1,6,5),(1,11,4,9,10,6),(2,8,7),(3,10,9),(4,12,11),(2,7,3,10,6,5),(3,9,4,12,8,7)]
[(1,3,2),(1,11,9,5,6,8,10,12,4,2),(1,11,12,4,3),(2,4,3),(5,7,6),(6,8,7),(5,9,10,8,7),(9,11,12,10)]
[(1,3,2),(1,11,9,10,12,4,2),(1,11,12,4,3),(2,4,3),(5,7,6),(6,8,7),(5,9,10,8,6),(5,9,11,12,10,8,7)]
[(1,3,2),(1,11,9,10,4,2),(1,11,12,10,4,3),(2,4,3),(5,7,6),(6,8,7),(5,9,11,12,8,6),(5,9,10,12,8,7)]
[(1,11,2,4,10,8,6,5,9),(1,12,3,4,10,9),(1,12,11),(2,11,12,3),(2,4,3),(5,7,6),(6,8,7),(5,9,10,8,7)]
[(1,3,11,2),(1,9,5,6,8,10,4,12,2),(1,9,10,4,3),(2,12,11),(5,7,6),(6,8,7),(5,9,10,8,7),(3,11,12,4)]
[(1,3,11,2),(1,9,10,4,12,2),(1,9,5,6,8,10,4,3),(2,12,11),(5,7,6),(6,8,7),(5,9,10,8,7),(3,11,12,4)]
[(1,3,2),(1,11,12,5,6,8,10,4,2),(1,11,9,10,4,3),(2,4,3),(5,7,6),(6,8,7),(5,12,9,10,8,7),(9,12,11)]
[(1,9,2,4,8,6,5),(1,10,3,4,8,7,5),(1,10,12,9),(2,11,12,9),(2,11,3,4),(5,7,6),(6,8,7),(3,11,12,10)]
[(1,3,9,11,2),(1,5,6,8,4,10,12,2),(1,5,7,8,4,3),(2,12,11),(5,7,6),(6,8,7),(3,9,10,4),(9,11,12,10)]
[(1,5,6,8,4,10,2),(1,3,9,11,2),(1,5,7,8,4,3),(2,11,12,10),(5,7,6),(6,8,7),(9,12,11),(3,9,12,10,4)]
[(1,10,3,4,8,6,5),(1,9,2,12,4,8,7,5),(1,10,9),(2,12,11),(2,11,3,10,9),(3,11,12,4),(5,7,6),(6,8,7)]
[(1,10,3,4,11,8,6,5),(1,9,2,12,11,8,7,5),(1,10,9),(2,9,10,3),(2,12,4,3),(5,7,6),(6,8,7),(4,12,11)]
[(1,11,12,6,8,4,2,9),(1,10,9),(1,11,5,7,8,4,3,10),(2,4,3),(5,12,11),(5,12,6,7),(6,8,7),(2,9,10,3)]
[(1,9,2,4,8,7,5),(1,10,3,4,8,6,11,5),(1,10,9),(2,9,10,3),(2,4,3),(5,11,12,7),(6,12,11),(6,12,7,8)]
[(1,12,3,9,2),(1,5,6,8,4,10,2),(1,12,11,4,8,7,5),(2,10,9),(3,12,11),(5,7,6),(6,8,7),(3,11,4,10,9)]
[(1,3,9,2),(1,5,11,6,8,4,10,2),(1,5,7,8,4,3),(2,10,9),(6,12,11),(6,12,7,8),(3,9,10,4),(5,11,12,7)]
[(1,3,9,2),(1,5,7,8,4,10,2),(1,5,11,6,8,4,3),(2,10,9),(6,12,11),(6,12,7,8),(3,9,10,4),(5,11,12,7)]
[(1,3,2),(1,9,10,12,5,6,8,4,2),(1,9,11,12,5,7,8,4,3),(2,4,3),(5,7,6),(6,8,7),(9,11,10),(10,12,11)]
