[(1,3,4,2),(5,7,8,6),(5,9,10,6),(7,11,12,8),(5,9,13,14,11,7),(6,10,15,16,12,8),(1,13,9,10,15,2),(3,14,11,12,16,4),(1,13,14,3),(2,15,16,4)]
[(1,3,4,2),(5,7,8,6),(5,9,10,6),(7,11,12,8),(5,9,13,14,11,7),(1,12,8,6,10,15,2),(9,13,16,15,10),(1,12,11,14,3),(3,14,13,16,4),(2,15,16,4)]
[(1,3,4,2),(5,7,8,6),(9,11,12,10),(5,13,14,6),(5,13,16,15,9,10,7),(1,11,12,8,6,14,2),(1,11,9,15,3),(2,14,13,16,4),(3,15,16,4),(7,10,12,8)]
[(1,3,4,2),(5,7,8,6),(5,11,9,10,6),(7,14,12,13,8),(9,15,16,12,13,10),(1,11,5,7,14,2),(1,11,9,15,3),(2,14,12,16,4),(3,15,16,4),(6,10,13,8)]
[(1,3,4,2),(5,8,7,9,6),(5,10,11,6),(7,12,13,8),(7,12,16,14,15,9),(1,10,5,8,13,2),(1,10,11,15,14,3),(2,13,12,16,4),(3,14,16,4),(6,11,15,9)]
[(1,3,4,2),(5,7,8,6),(5,9,11,10,6),(7,12,13,8),(5,9,15,14,12,7),(1,10,6,8,13,2),(1,10,11,16,3),(2,13,12,14,4),(3,16,15,14,4),(9,15,16,11)]
[(1,3,4,2),(5,7,8,6),(5,9,10,6),(7,11,12,8),(1,13,9,5,7,11,14,2),(3,15,10,6,8,12,16,4),(9,13,15,10),(11,14,16,12),(1,13,15,3),(2,14,16,4)]
[(1,3,4,2),(5,7,8,6),(5,9,10,6),(7,11,13,12,8),(5,9,14,11,7),(6,10,15,16,12,8),(1,14,9,10,15,2),(1,14,11,13,3),(3,13,12,16,4),(2,15,16,4)]
[(1,3,4,2),(5,7,8,9,6),(5,10,11,6),(7,12,13,14,8),(5,10,15,12,7),(1,11,6,9,16,2),(1,11,10,15,3),(3,15,12,13,4),(2,16,14,13,4),(8,14,16,9)]
[(1,3,4,2),(5,7,8,9,6),(5,12,10,11,6),(1,7,8,13,2),(10,14,15,16,11),(1,7,5,12,3),(3,12,10,14,4),(2,13,15,14,4),(8,13,15,16,9),(6,11,16,9)]
