[(1,3,4,2),(5,7,8,6),(5,9,10,6),(7,11,12,8),(5,9,13,14,11,7),(6,10,15,16,12,8),(9,13,17,18,15,10),(1,14,11,12,16,2),(1,14,13,17,3),(2,16,15,18,4),(3,17,18,4)]
[(1,3,4,2),(5,7,8,6),(5,9,10,6),(7,11,12,8),(5,9,13,14,11,7),(6,10,15,16,12,8),(1,15,10,9,13,17,2),(3,16,12,11,14,18,4),(13,17,18,14),(1,15,16,3),(2,17,18,4)]
[(1,3,4,2),(5,8,7,9,6),(5,10,11,6),(7,12,13,8),(7,12,16,14,15,9),(5,10,17,18,13,8),(1,14,15,11,10,17,2),(3,16,12,13,18,4),(1,14,16,3),(2,17,18,4),(6,11,15,9)]
[(1,3,4,2),(5,7,8,6),(5,9,11,10,6),(7,12,13,8),(5,9,15,14,12,7),(6,10,16,17,13,8),(1,18,11,10,16,2),(3,14,12,13,17,4),(1,18,15,14,3),(2,16,17,4),(9,15,18,11)]
[(1,3,4,2),(5,7,8,6),(5,9,10,6),(7,11,12,8),(5,9,13,14,11,7),(6,10,15,17,16,12,8),(9,13,18,15,10),(1,14,11,12,16,2),(1,14,13,18,3),(3,18,15,17,4),(2,16,17,4)]
[(1,3,4,2),(5,7,8,6),(5,9,10,6),(7,11,12,8),(5,9,13,14,11,7),(1,15,10,6,8,12,16,2),(9,13,17,15,10),(11,14,18,16,12),(3,17,13,14,18,4),(1,15,17,3),(2,16,18,4)]
[(1,3,4,2),(5,7,8,6),(9,11,12,10),(5,13,14,6),(5,13,16,15,9,10,7),(1,14,6,8,12,11,17,2),(9,15,18,17,11),(1,14,13,16,3),(3,16,15,18,4),(2,17,18,4),(7,10,12,8)]
[(1,3,4,2),(5,7,8,6),(5,11,9,10,6),(7,14,12,13,8),(9,15,16,12,13,10),(1,14,7,5,11,17,2),(9,15,18,17,11),(1,14,12,16,3),(3,16,15,18,4),(2,17,18,4),(6,10,13,8)]
[(1,3,4,2),(5,8,7,9,6),(5,10,11,6),(7,12,13,8),(7,12,16,14,15,9),(1,13,8,5,10,17,2),(10,17,18,14,15,11),(1,13,12,16,3),(3,16,14,18,4),(2,17,18,4),(6,11,15,9)]
[(1,3,4,2),(5,7,8,6),(5,9,11,10,6),(7,12,13,8),(5,9,15,14,12,7),(1,13,8,6,10,16,2),(10,16,17,18,11),(1,13,12,14,3),(3,14,15,18,17,4),(2,16,17,4),(9,15,18,11)]
[(1,3,4,2),(5,7,8,6),(5,9,11,10,6),(7,12,13,8),(5,9,14,15,12,7),(1,13,8,6,10,16,2),(9,14,17,18,11),(1,13,12,15,3),(3,15,14,17,4),(2,16,18,17,4),(10,16,18,11)]
[(1,3,4,2),(5,7,8,6),(5,9,10,6),(7,11,12,8),(5,9,13,15,14,11,7),(1,12,8,6,10,16,2),(9,13,17,16,10),(1,12,11,14,3),(3,14,15,18,4),(2,16,17,18,4),(13,17,18,15)]
[(1,3,4,2),(5,7,8,6),(9,11,12,10),(13,15,16,14),(5,10,9,17,18,13,14,6),(1,11,12,7,8,16,15,2),(1,11,9,17,3),(2,15,13,18,4),(3,17,18,4),(5,10,12,7),(6,14,16,8)]
[(1,3,4,2),(5,7,8,6),(9,11,12,10),(5,15,13,14,6),(9,16,17,13,14,18,10),(1,11,12,7,5,15,2),(1,11,9,16,3),(2,15,13,17,4),(3,16,17,4),(7,12,10,18,8),(6,14,18,8)]
[(1,3,4,2),(5,7,8,6),(9,11,12,10),(5,13,14,6),(5,13,17,15,16,18,7),(1,9,10,8,6,14,2),(1,9,11,16,15,3),(2,14,13,17,4),(3,15,17,4),(7,18,12,10,8),(11,16,18,12)]
[(1,3,4,2),(5,7,8,6),(5,9,10,11,6),(7,14,12,13,8),(12,17,15,16,18,13),(1,9,5,7,14,2),(1,9,10,16,15,3),(2,14,12,17,4),(3,15,17,4),(6,11,18,13,8),(10,16,18,11)]
[(1,3,4,2),(5,7,8,10,9,6),(5,11,12,6),(7,13,14,8),(9,16,15,17,18,10),(1,11,5,7,13,2),(1,11,12,16,15,3),(2,13,14,18,17,4),(3,15,17,4),(6,12,16,9),(8,14,18,10)]
[(1,3,4,2),(5,8,7,9,6),(5,10,11,6),(7,12,13,8),(7,12,14,15,16,9),(1,10,5,8,13,2),(1,10,11,18,17,3),(2,13,12,14,4),(3,17,15,14,4),(6,11,18,16,9),(15,17,18,16)]
[(1,3,4,2),(5,8,7,9,6),(5,10,11,12,6),(7,13,14,8),(7,13,15,16,17,9),(1,10,5,8,14,2),(1,10,11,18,3),(2,14,13,15,4),(3,18,16,15,4),(11,18,16,17,12),(6,12,17,9)]
[(1,3,4,2),(5,7,8,6),(5,9,11,10,6),(7,12,13,8),(5,9,15,14,12,7),(1,10,6,8,13,2),(1,10,11,16,3),(2,13,12,14,17,4),(3,16,18,17,4),(9,15,18,16,11),(14,17,18,15)]
[(1,3,5,4,2),(6,8,9,7),(6,10,12,11,7),(8,13,14,9),(6,10,16,15,13,8),(1,11,7,9,14,2),(1,11,12,17,3),(2,14,13,15,4),(4,15,16,18,5),(10,16,18,17,12),(3,17,18,5)]
[(1,3,4,2),(5,7,8,6),(5,9,10,6),(7,11,12,8),(1,14,11,7,5,9,13,15,2),(3,17,12,8,6,10,16,18,4),(9,13,16,10),(11,14,17,12),(13,16,18,15),(1,14,17,3),(2,15,18,4)]
[(1,3,4,2),(5,7,8,6),(5,9,10,6),(7,11,13,12,8),(5,9,14,11,7),(6,10,15,16,12,8),(9,14,17,18,15,10),(1,13,11,14,17,2),(1,13,12,16,3),(3,16,15,18,4),(2,17,18,4)]
[(1,3,4,2),(5,8,7,9,6),(5,10,11,6),(7,12,14,13,8),(7,12,15,16,9),(5,10,17,18,13,8),(1,15,16,11,10,17,2),(1,15,12,14,3),(3,14,13,18,4),(2,17,18,4),(6,11,16,9)]
[(1,3,4,2),(5,7,8,9,6),(5,10,11,12,6),(7,13,14,15,8),(5,10,16,13,7),(1,11,12,18,17,2),(1,11,10,16,3),(3,16,13,14,4),(2,17,15,14,4),(8,15,17,18,9),(6,12,18,9)]
