[(1,5,4,3,2),(1,6,11,7,2),(1,6,15,10,5),(2,7,12,8,3),(3,8,13,9,4),(4,9,14,10,5),(6,15,20,16,11),(7,12,17,16,11),(8,13,18,17,12),(9,14,19,18,13),(10,14,19,20,15),(16,17,18,19,20)]
[(1,3,4,2),(5,7,8,6),(5,9,10,6),(7,11,12,8),(5,9,13,14,11,7),(6,10,15,16,12,8),(9,13,17,18,15,10),(11,14,19,20,16,12),(1,17,13,14,19,2),(3,18,15,16,20,4),(1,17,18,3),(2,19,20,4)]
[(1,3,4,2),(5,7,8,6),(5,9,10,6),(7,11,12,8),(5,9,13,14,11,7),(6,10,15,16,12,8),(9,13,17,18,15,10),(1,16,12,11,14,19,2),(13,17,20,19,14),(1,16,15,18,3),(3,18,17,20,4),(2,19,20,4)]
[(1,3,4,2),(5,7,8,6),(9,11,12,10),(5,13,14,6),(5,13,16,15,9,10,7),(6,14,18,17,11,12,8),(9,15,19,20,17,11),(1,16,13,14,18,2),(1,16,15,19,3),(2,18,17,20,4),(3,19,20,4),(7,10,12,8)]
[(1,3,4,2),(5,7,8,6),(5,11,9,10,6),(7,14,12,13,8),(9,15,16,12,13,10),(5,11,17,18,14,7),(9,15,19,20,17,11),(1,16,12,14,18,2),(1,16,15,19,3),(2,18,17,20,4),(3,19,20,4),(6,10,13,8)]
[(1,3,4,2),(5,8,7,9,6),(5,10,11,6),(7,12,13,8),(7,12,16,14,15,9),(5,10,17,18,13,8),(10,17,20,19,14,15,11),(1,16,12,13,18,2),(1,16,14,19,3),(2,18,17,20,4),(3,19,20,4),(6,11,15,9)]
[(1,3,4,2),(5,7,8,6),(5,9,11,10,6),(7,12,13,8),(5,9,15,14,12,7),(6,10,16,17,13,8),(10,16,20,18,19,11),(1,14,12,13,17,2),(1,14,15,19,18,3),(2,17,16,20,4),(3,18,20,4),(9,15,19,11)]
[(1,3,4,2),(5,7,8,6),(5,9,10,6),(7,11,12,8),(5,9,13,14,11,7),(6,10,15,16,12,8),(9,13,18,17,19,15,10),(1,20,14,11,12,16,2),(1,20,18,17,3),(2,16,15,19,4),(3,17,19,4),(13,18,20,14)]
[(1,3,4,2),(5,7,8,6),(5,9,10,6),(7,11,12,8),(5,9,13,15,14,11,7),(6,10,16,17,12,8),(9,13,19,18,16,10),(1,14,11,12,17,2),(1,14,15,20,3),(2,17,16,18,4),(3,20,19,18,4),(13,19,20,15)]
[(1,3,4,2),(5,7,8,6),(5,9,10,6),(7,11,12,8),(5,9,13,14,11,7),(6,10,15,16,12,8),(1,17,13,9,10,15,18,2),(3,19,14,11,12,16,20,4),(13,17,19,14),(15,18,20,16),(1,17,19,3),(2,18,20,4)]
[(1,3,4,2),(5,7,8,6),(9,11,12,10),(5,13,14,6),(5,13,16,15,9,10,7),(6,14,18,17,11,12,8),(1,17,11,9,15,19,2),(3,18,14,13,16,20,4),(15,19,20,16),(1,17,18,3),(2,19,20,4),(7,10,12,8)]
[(1,3,4,2),(5,8,7,9,6),(5,10,11,6),(7,12,13,8),(7,12,16,14,15,9),(5,10,17,18,13,8),(1,17,10,11,15,14,19,2),(3,18,13,12,16,20,4),(14,19,20,16),(1,17,18,3),(2,19,20,4),(6,11,15,9)]
[(1,3,4,2),(5,7,8,6),(5,9,11,10,6),(7,12,13,8),(5,9,15,14,12,7),(6,10,16,17,13,8),(1,16,10,11,19,18,2),(3,17,13,12,14,20,4),(14,20,18,19,15),(1,16,17,3),(2,18,20,4),(9,15,19,11)]
[(1,3,4,2),(5,7,8,6),(5,9,10,6),(7,11,12,8),(5,9,13,15,14,11,7),(6,10,16,17,12,8),(1,16,10,9,13,18,2),(3,17,12,11,14,19,4),(14,19,20,15),(1,16,17,3),(2,18,20,19,4),(13,18,20,15)]
[(1,3,4,2),(5,7,9,8,6),(10,12,13,11),(5,14,15,6),(5,14,18,16,17,7),(6,15,20,19,10,11,8),(1,16,17,12,10,19,2),(3,18,14,15,20,4),(1,16,18,3),(2,19,20,4),(7,17,12,13,9),(8,11,13,9)]
[(1,3,4,2),(5,9,7,8,10,6),(5,11,12,6),(7,13,14,8),(7,13,17,15,16,9),(8,14,20,18,19,10),(1,15,16,11,12,19,18,2),(3,17,13,14,20,4),(1,15,17,3),(2,18,20,4),(5,11,16,9),(6,12,19,10)]
[(1,3,4,2),(5,7,8,10,9,6),(5,11,12,6),(7,13,14,8),(9,16,15,17,18,10),(5,11,19,20,13,7),(1,15,16,12,11,19,2),(3,17,18,14,13,20,4),(1,15,17,3),(2,19,20,4),(6,12,16,9),(8,14,18,10)]
[(1,3,4,2),(5,8,7,9,6),(5,10,11,6),(7,12,13,8),(7,12,14,15,16,9),(5,10,17,18,13,8),(1,19,20,11,10,17,2),(3,14,12,13,18,4),(1,19,15,14,3),(2,17,18,4),(6,11,20,16,9),(15,19,20,16)]
[(1,3,4,2),(5,8,7,9,6),(5,10,11,6),(7,12,14,13,8),(7,12,17,15,16,9),(5,10,18,19,13,8),(1,15,16,11,10,18,2),(3,20,14,13,19,4),(1,15,17,20,3),(2,18,19,4),(6,11,16,9),(12,17,20,14)]
[(1,4,3,5,2),(6,9,8,10,7),(6,11,12,7),(8,13,14,9),(8,13,17,18,16,15,10),(6,11,19,20,14,9),(1,19,11,12,15,16,2),(3,17,13,14,20,4),(3,17,18,5),(1,19,20,4),(7,12,15,10),(2,16,18,5)]
[(1,3,4,2),(5,8,7,9,6),(5,10,11,12,6),(7,13,14,8),(7,13,15,16,17,9),(5,10,18,19,14,8),(1,20,11,10,18,2),(3,15,13,14,19,4),(1,20,16,15,3),(2,18,19,4),(11,20,16,17,12),(6,12,17,9)]
[(1,3,4,2),(5,7,8,6),(5,9,11,10,6),(7,12,13,8),(5,9,15,14,12,7),(6,10,17,16,18,13,8),(1,19,20,17,16,2),(3,14,12,13,18,4),(1,19,15,14,3),(2,16,18,4),(9,15,19,20,11),(10,17,20,11)]
[(1,3,4,2),(5,7,8,6),(5,9,11,10,6),(7,12,13,8),(5,9,16,15,14,12,7),(6,10,17,18,13,8),(1,19,20,11,10,17,2),(3,14,12,13,18,4),(1,19,15,14,3),(2,17,18,4),(15,19,20,16),(9,16,20,11)]
[(1,3,4,2),(5,7,8,6),(5,9,11,10,6),(7,12,14,13,8),(5,9,15,16,12,7),(6,10,17,18,13,8),(1,19,11,10,17,2),(3,20,14,13,18,4),(1,19,15,16,20,3),(2,17,18,4),(9,15,19,11),(12,16,20,14)]
[(1,3,4,2),(5,7,8,6),(5,9,12,11,10,6),(7,13,14,8),(5,9,16,15,13,7),(6,10,17,18,14,8),(1,19,11,10,17,2),(3,15,13,14,18,4),(1,19,20,16,15,3),(2,17,18,4),(11,19,20,12),(9,16,20,12)]
[(1,3,4,2),(5,7,8,6),(5,9,11,10,6),(7,12,14,13,8),(5,9,16,15,12,7),(6,10,17,18,13,8),(1,19,11,10,17,2),(3,15,12,14,20,4),(1,19,16,15,3),(2,17,18,20,4),(9,16,19,11),(13,18,20,14)]
[(1,3,4,2),(5,7,8,6),(5,9,10,6),(7,11,12,8),(5,9,13,14,11,7),(6,10,15,17,16,12,8),(9,13,18,15,10),(1,14,11,12,16,19,2),(1,14,13,18,3),(3,18,15,17,20,4),(2,19,20,4),(16,19,20,17)]
[(1,3,4,2),(5,7,8,6),(5,9,10,6),(7,11,12,8),(5,9,13,14,11,7),(6,10,15,18,17,16,12,8),(9,13,19,15,10),(1,14,11,12,16,2),(1,14,13,19,20,3),(3,20,18,17,4),(2,16,17,4),(15,19,20,18)]
[(1,3,4,2),(5,7,8,6),(5,9,10,6),(7,11,13,12,8),(5,9,14,15,11,7),(6,10,16,17,18,12,8),(9,14,19,16,10),(1,15,11,13,20,2),(1,15,14,19,3),(3,19,16,17,4),(2,20,18,17,4),(12,18,20,13)]
[(1,3,4,2),(5,7,8,6),(5,9,10,6),(7,11,13,12,8),(5,9,14,15,11,7),(6,10,16,18,17,12,8),(9,14,19,16,10),(1,20,13,12,17,2),(1,20,15,14,19,3),(3,19,16,18,4),(2,17,18,4),(11,15,20,13)]
[(1,3,4,2),(5,7,8,6),(5,9,10,6),(7,11,12,8),(5,9,13,14,15,11,7),(6,10,16,19,17,18,12,8),(9,13,20,16,10),(1,14,15,18,17,2),(1,14,13,20,3),(3,20,16,19,4),(2,17,19,4),(11,15,18,12)]
[(1,3,4,2),(5,7,8,6),(5,9,11,10,6),(7,12,13,8),(5,9,15,14,12,7),(6,10,16,18,17,13,8),(10,16,19,20,11),(1,14,12,13,17,2),(1,14,15,20,19,3),(3,19,16,18,4),(2,17,18,4),(9,15,20,11)]
[(1,3,4,2),(5,7,8,9,6),(5,10,11,6),(7,12,13,8),(5,10,14,15,12,7),(6,11,16,19,17,18,9),(10,14,20,16,11),(1,15,12,13,18,17,2),(1,15,14,20,3),(3,20,16,19,4),(2,17,19,4),(8,13,18,9)]
[(1,3,4,2),(5,7,8,9,6),(5,10,11,6),(7,12,13,8),(5,10,14,15,12,7),(8,13,18,19,16,17,9),(10,14,20,16,17,11),(1,15,12,13,18,2),(1,15,14,20,3),(3,20,16,19,4),(2,18,19,4),(6,11,17,9)]
[(1,3,4,2),(5,7,8,6),(5,9,10,11,6),(7,12,13,14,8),(5,9,15,16,12,7),(10,17,19,18,13,14,11),(9,15,20,17,10),(1,16,12,13,18,2),(1,16,15,20,3),(3,20,17,19,4),(2,18,19,4),(6,11,14,8)]
[(1,3,4,5,2),(6,8,9,7),(6,10,11,7),(8,12,13,9),(6,10,14,15,12,8),(7,11,16,18,19,17,13,9),(10,14,20,16,11),(1,15,12,13,17,2),(1,15,14,20,3),(3,20,16,18,4),(2,17,19,5),(4,18,19,5)]
[(1,3,4,2),(5,7,8,6),(5,9,10,6),(7,11,12,8),(5,9,13,14,11,7),(6,10,15,17,16,12,8),(9,13,18,15,10),(1,14,11,12,16,2),(1,14,13,18,19,3),(15,18,19,20,17),(2,16,17,20,4),(3,19,20,4)]
[(1,5,3,4,2),(6,8,9,7),(6,10,11,7),(8,12,13,9),(6,10,14,16,15,12,8),(7,11,17,19,18,13,9),(10,14,20,17,11),(1,18,13,12,15,2),(3,20,14,16,4),(3,20,17,19,5),(1,18,19,5),(2,15,16,4)]
[(1,3,4,2),(5,7,8,6),(5,9,10,6),(7,11,12,8),(5,9,13,14,11,7),(6,10,15,17,18,16,12,8),(9,13,19,15,10),(11,14,20,16,12),(1,19,13,14,20,2),(1,19,15,17,3),(2,20,16,18,4),(3,17,18,4)]
[(1,3,4,2),(5,7,8,6),(5,9,10,6),(7,11,12,8),(5,9,13,14,11,7),(1,16,12,8,6,10,15,17,2),(9,13,18,15,10),(11,14,19,16,12),(3,19,14,13,18,20,4),(15,18,20,17),(1,16,19,3),(2,17,20,4)]
[(1,3,4,2),(5,7,8,6),(5,9,11,10,6),(7,12,13,8),(5,9,15,14,12,7),(1,16,10,6,8,13,17,2),(10,16,18,19,11),(12,14,20,17,13),(3,18,19,15,14,20,4),(1,16,18,3),(2,17,20,4),(9,15,19,11)]
[(1,3,4,2),(5,7,8,6),(5,9,11,10,6),(7,12,13,8),(5,9,14,15,12,7),(1,17,10,6,8,13,16,2),(9,14,18,19,11),(12,15,20,16,13),(3,18,14,15,20,4),(1,17,19,18,3),(2,16,20,4),(10,17,19,11)]
[(1,3,4,2),(5,7,8,6),(9,11,12,10),(13,15,16,14),(5,10,9,17,18,13,14,6),(1,15,16,8,7,12,11,19,2),(9,17,20,19,11),(1,15,13,18,3),(3,18,17,20,4),(2,19,20,4),(5,10,12,7),(6,14,16,8)]
[(1,3,4,2),(5,7,8,6),(9,11,12,10),(5,15,13,14,6),(9,16,17,13,14,18,10),(1,15,5,7,12,11,19,2),(9,16,20,19,11),(1,15,13,17,3),(3,17,16,20,4),(2,19,20,4),(7,12,10,18,8),(6,14,18,8)]
[(1,3,4,2),(5,7,8,6),(9,11,12,10),(5,13,14,6),(5,13,17,15,16,18,7),(1,14,6,8,10,9,19,2),(9,19,20,15,16,11),(1,14,13,17,3),(3,17,15,20,4),(2,19,20,4),(7,18,12,10,8),(11,16,18,12)]
[(1,3,4,2),(5,7,8,6),(9,13,12,11,10),(5,14,15,6),(5,14,17,16,9,10,7),(1,15,6,8,11,12,18,2),(9,16,19,20,13),(1,15,14,17,3),(3,17,16,19,4),(2,18,20,19,4),(7,10,11,8),(12,18,20,13)]
[(1,3,4,2),(5,7,8,6),(9,11,12,10),(5,13,14,6),(5,13,16,17,15,9,10,7),(1,14,6,8,12,11,18,2),(9,15,19,18,11),(1,14,13,16,3),(3,16,17,20,4),(2,18,19,20,4),(7,10,12,8),(15,19,20,17)]
[(1,3,4,2),(5,7,8,6),(9,11,12,13,10),(5,16,14,15,6),(9,17,18,14,15,10),(1,16,5,7,12,11,19,2),(9,17,20,19,11),(1,16,14,18,3),(3,18,17,20,4),(2,19,20,4),(6,15,10,13,8),(7,12,13,8)]
[(1,3,4,2),(5,7,8,6),(5,9,10,11,6),(7,14,12,13,8),(12,17,15,16,18,13),(1,14,7,5,9,19,2),(9,19,20,15,16,10),(1,14,12,17,3),(3,17,15,20,4),(2,19,20,4),(6,11,18,13,8),(10,16,18,11)]
[(1,3,4,2),(5,8,7,9,6),(5,11,10,12,6),(7,15,13,14,8),(10,16,17,13,14,11),(1,15,7,9,19,18,2),(10,16,20,18,19,12),(1,15,13,17,3),(3,17,16,20,4),(2,18,20,4),(5,11,14,8),(6,12,19,9)]
[(1,3,4,2),(5,7,8,9,6),(5,12,10,11,6),(7,15,13,14,8),(10,16,17,13,14,18,11),(1,15,7,5,12,19,2),(10,16,20,19,12),(1,15,13,17,3),(3,17,16,20,4),(2,19,20,4),(8,14,18,9),(6,11,18,9)]
[(1,3,4,2),(5,7,8,6),(5,11,12,9,10,6),(7,15,13,14,8),(9,16,17,13,14,10),(1,15,7,5,11,18,2),(9,16,19,20,12),(1,15,13,17,3),(3,17,16,19,4),(2,18,20,19,4),(6,10,14,8),(11,18,20,12)]
[(1,3,4,2),(5,7,8,6),(5,11,9,10,6),(7,14,12,13,8),(9,15,17,16,12,13,10),(1,14,7,5,11,18,2),(9,15,19,18,11),(1,14,12,16,3),(3,16,17,20,4),(2,18,19,20,4),(6,10,13,8),(15,19,20,17)]
[(1,3,4,2),(5,8,7,9,6),(5,10,11,6),(7,12,13,8),(7,12,16,17,15,14,9),(1,13,8,5,10,18,2),(10,18,19,15,14,11),(1,13,12,16,3),(3,16,17,20,4),(2,18,19,20,4),(6,11,14,9),(15,19,20,17)]
[(1,3,4,2),(5,8,7,9,6),(5,10,11,12,6),(7,13,14,8),(7,13,17,15,16,18,9),(1,14,8,5,10,19,2),(10,19,20,15,16,11),(1,14,13,17,3),(3,17,15,20,4),(2,19,20,4),(6,12,18,9),(11,16,18,12)]
[(1,3,4,2),(5,8,7,9,6),(5,10,12,11,6),(7,13,14,8),(7,13,17,15,16,9),(1,14,8,5,10,18,2),(11,16,15,19,20,12),(1,14,13,17,3),(3,17,15,19,4),(2,18,20,19,4),(6,11,16,9),(10,18,20,12)]
[(1,3,4,2),(5,8,7,9,6),(5,10,11,6),(7,12,13,8),(7,12,16,14,15,9),(1,13,8,5,10,18,17,2),(14,19,17,18,20,15),(1,13,12,16,3),(3,16,14,19,4),(2,17,19,4),(6,11,20,15,9),(10,18,20,11)]
[(1,3,4,2),(5,10,8,7,9,6),(5,11,12,6),(7,13,14,8),(7,13,17,15,16,9),(1,19,10,5,11,18,2),(11,18,20,15,16,12),(1,19,14,13,17,3),(3,17,15,20,4),(2,18,20,4),(6,12,16,9),(8,14,19,10)]
[(1,3,4,2),(5,7,8,6),(5,9,11,10,6),(7,12,14,13,8),(5,9,15,16,12,7),(1,13,8,6,10,17,2),(10,17,18,19,11),(1,13,14,20,3),(3,20,16,15,19,18,4),(2,17,18,4),(9,15,19,11),(12,16,20,14)]
[(1,3,4,2),(5,7,8,6),(5,9,11,10,6),(7,12,13,8),(5,9,15,14,12,7),(1,13,8,6,10,16,2),(10,16,17,18,11),(1,13,12,14,19,3),(3,19,20,18,17,4),(2,16,17,4),(9,15,20,18,11),(14,19,20,15)]
[(1,3,4,2),(5,7,8,9,6),(5,10,11,12,6),(7,13,14,8),(5,10,15,16,13,7),(1,14,8,9,18,17,2),(10,15,19,20,11),(1,14,13,16,3),(3,16,15,19,4),(2,17,20,19,4),(11,20,17,18,12),(6,12,18,9)]
[(1,3,4,2),(5,7,8,6),(5,9,11,10,6),(7,12,13,8),(5,9,15,14,16,12,7),(1,13,8,6,10,17,2),(14,18,19,20,15),(1,13,12,16,3),(3,16,14,18,4),(2,17,19,18,4),(10,17,19,20,11),(9,15,20,11)]
[(1,3,4,5,2),(6,8,9,7),(6,10,12,11,7),(8,13,14,9),(6,10,15,16,13,8),(1,14,9,7,11,17,2),(10,15,18,19,12),(1,14,13,16,3),(3,16,15,18,4),(4,18,19,20,5),(11,17,20,19,12),(2,17,20,5)]
[(1,3,4,5,2),(6,8,9,7),(6,10,11,7),(8,12,13,9),(6,10,14,16,15,12,8),(1,13,9,7,11,17,2),(10,14,18,17,11),(1,13,12,15,3),(3,15,16,19,4),(2,17,18,20,5),(14,18,20,19,16),(4,19,20,5)]
[(1,3,4,2),(5,7,8,6),(9,11,12,10),(13,15,16,14),(9,17,18,13,14,20,19,10),(1,11,12,5,6,16,15,2),(1,11,9,17,3),(2,15,13,18,4),(3,17,18,4),(5,12,10,19,7),(6,16,14,20,8),(7,19,20,8)]
[(1,3,4,2),(5,7,8,6),(9,11,12,10),(13,15,16,14),(5,14,13,18,17,9,10,19,6),(1,11,12,20,8,7,16,15,2),(1,11,9,17,3),(2,15,13,18,4),(3,17,18,4),(10,19,20,12),(5,14,16,7),(6,19,20,8)]
[(1,3,4,2),(5,7,8,6),(9,11,12,10),(13,15,16,14),(5,20,18,17,19,13,14,6),(1,9,10,7,8,16,15,2),(1,9,11,18,17,3),(2,15,13,19,4),(3,17,19,4),(5,20,12,10,7),(6,14,16,8),(11,18,20,12)]
[(1,3,4,2),(5,8,7,9,6),(10,12,13,14,11),(15,17,18,16),(5,16,15,20,19,10,11,6),(1,12,13,7,8,18,17,2),(1,12,10,19,3),(2,17,15,20,4),(3,19,20,4),(7,13,14,9),(5,16,18,8),(6,11,14,9)]
[(1,3,4,2),(5,7,8,6),(9,11,12,10),(5,15,13,14,6),(13,18,16,17,20,19,14),(1,9,10,7,5,15,2),(1,9,11,17,16,3),(2,15,13,18,4),(3,16,18,4),(7,10,12,20,19,8),(6,14,19,8),(11,17,20,12)]
[(1,3,4,2),(5,7,8,6),(5,9,10,11,6),(7,14,12,13,8),(12,15,16,18,17,13),(1,9,5,7,14,2),(1,9,10,20,19,3),(2,14,12,15,4),(3,19,16,15,4),(6,11,17,13,8),(10,20,18,17,11),(16,19,20,18)]
[(1,3,4,2),(5,7,8,6),(5,9,10,11,6),(7,14,12,13,15,8),(12,18,16,17,19,13),(1,9,5,7,14,2),(1,9,10,17,16,3),(2,14,12,18,4),(3,16,18,4),(6,11,20,15,8),(10,17,19,20,11),(13,19,20,15)]
[(1,3,4,2),(5,7,8,6),(5,9,10,11,6),(7,14,15,13,12,8),(12,19,17,16,18,13),(1,9,5,7,14,2),(1,9,10,17,16,3),(2,14,15,20,4),(3,16,18,20,4),(6,11,19,12,8),(10,17,19,11),(13,18,20,15)]
[(1,3,4,2),(5,9,8,7,6),(5,10,11,12,6),(7,14,13,15,8),(13,18,16,17,19,14),(1,10,5,9,20,2),(1,10,11,17,16,3),(2,20,15,13,18,4),(3,16,18,4),(6,12,19,14,7),(11,17,19,12),(8,15,20,9)]
[(1,3,4,2),(5,7,8,9,6),(5,10,11,12,6),(7,15,13,14,8),(13,18,16,17,19,14),(1,10,5,7,15,2),(1,10,11,17,16,3),(2,15,13,18,4),(3,16,18,4),(8,14,19,20,9),(11,17,19,20,12),(6,12,20,9)]
[(1,3,4,2),(5,8,7,9,6),(5,12,10,11,6),(7,15,13,14,8),(13,18,16,17,19,14),(1,20,9,7,15,2),(1,20,11,10,17,16,3),(2,15,13,18,4),(3,16,18,4),(5,12,19,14,8),(10,17,19,12),(6,11,20,9)]
[(1,3,4,5,2),(6,8,9,7),(6,10,11,12,7),(8,15,16,13,14,9),(13,19,17,18,20,14),(1,10,6,8,15,2),(1,10,11,18,17,3),(4,19,13,16,5),(3,17,19,4),(7,12,20,14,9),(11,18,20,12),(2,15,16,5)]
[(1,5,3,4,2),(6,8,9,7),(6,10,12,11,13,7),(8,16,14,15,9),(14,19,17,18,20,15),(1,16,8,6,10,2),(3,17,18,11,12,4),(1,16,14,19,5),(3,17,19,5),(7,13,20,15,9),(11,18,20,13),(2,10,12,4)]
[(1,5,3,4,2),(6,9,8,10,7),(6,11,13,12,7),(8,14,15,9),(8,14,16,17,18,10),(1,15,9,6,11,2),(3,19,20,12,13,4),(1,15,14,16,5),(3,19,17,16,5),(7,12,20,18,10),(17,19,20,18),(2,11,13,4)]
[(1,3,4,2),(5,7,8,9,6),(5,10,11,12,6),(7,15,13,14,8),(13,16,17,18,19,14),(1,10,5,7,15,2),(1,10,11,20,3),(2,15,13,16,4),(3,20,17,16,4),(11,20,17,18,12),(6,12,18,19,9),(8,14,19,9)]
[(1,3,4,2),(5,8,7,9,6),(5,10,11,12,6),(7,13,14,8),(7,13,15,16,17,9),(1,10,5,8,14,2),(1,10,11,18,3),(2,14,13,15,4),(3,18,19,16,15,4),(11,18,19,20,12),(6,12,20,17,9),(16,19,20,17)]
[(1,3,5,4,2),(6,8,9,7),(6,10,12,11,7),(8,13,14,9),(6,10,16,15,13,8),(1,11,7,9,14,2),(1,11,12,17,3),(2,14,13,15,18,4),(3,17,19,20,5),(10,16,19,17,12),(15,18,20,19,16),(4,18,20,5)]
[(1,3,5,4,2),(6,8,9,7),(6,10,12,11,7),(8,13,14,9),(6,10,16,15,13,8),(1,11,7,9,14,2),(1,11,12,17,18,3),(2,14,13,15,4),(4,15,16,19,20,5),(10,16,19,17,12),(17,19,20,18),(3,18,20,5)]
[(1,3,4,2),(5,7,8,6),(5,9,10,6),(7,11,12,8),(1,15,13,9,5,7,11,14,16,2),(3,19,17,10,6,8,12,18,20,4),(9,13,17,10),(11,14,18,12),(13,17,19,15),(14,18,20,16),(1,15,19,3),(2,16,20,4)]
[(1,3,4,2),(5,7,8,6),(5,9,10,6),(7,11,13,12,8),(5,9,14,11,7),(6,10,15,16,12,8),(9,14,17,18,15,10),(11,14,17,20,19,13),(1,16,12,13,19,2),(1,16,15,18,3),(3,18,17,20,4),(2,19,20,4)]
[(1,3,4,2),(5,8,7,9,6),(5,10,11,6),(7,12,14,13,8),(7,12,15,16,9),(5,10,17,18,13,8),(10,17,20,19,15,16,11),(1,14,12,15,19,2),(1,14,13,18,3),(3,18,17,20,4),(2,19,20,4),(6,11,16,9)]
[(1,3,4,2),(5,7,9,8,6),(10,12,13,11),(5,14,16,15,6),(5,14,17,18,7),(6,15,20,19,10,11,8),(1,17,18,12,10,19,2),(1,17,14,16,3),(3,16,15,20,4),(2,19,20,4),(7,18,12,13,9),(8,11,13,9)]
[(1,3,4,2),(5,7,8,9,6),(5,10,11,12,6),(7,13,14,15,8),(5,10,16,13,7),(1,17,20,19,18,2),(1,17,11,10,16,3),(3,16,13,14,4),(2,18,15,14,4),(8,15,18,19,9),(6,12,20,19,9),(11,17,20,12)]
